Target data:
ws: [0.00490194 0.01911112 0.35857463 0.01487348 0.01594806 0.01204395
 0.0236915  0.01580594 0.19720235 0.04747176 0.01124904 0.01764589
 0.03466919 0.04664123 0.03598291 0.05147208 0.01030297 0.04002405
 0.02591056 0.01647737]
mus: [[ 4.40381885e+01  3.48135483e+00 -3.96763671e-01  2.81788525e-01
  -7.05720356e-02  9.72821156e-02  3.38938711e-01  3.52079246e-01
   6.37916359e-02  4.52057943e-01  6.39830437e-01  2.53884131e-01
  -3.51645903e-01]
 [ 3.73670498e+01  8.21607635e-02  9.45044077e-01  1.18903736e+00
   5.52419012e-01  9.60324117e-01  2.97764199e-01  6.31319290e-01
   2.45402717e-01  1.60678799e-01  3.97916610e-01  1.38694419e-01
   1.43380546e-01]
 [ 3.52093590e+01 -4.89742468e-03  1.21811367e+00  1.50338506e+00
   9.80607579e-01  6.83491139e-01  6.19837237e-01  5.82444370e-01
   4.48433253e-01  3.33883442e-01  2.34759258e-01  2.14402780e-01
   1.51397590e-01]
 [ 2.52588783e+01 -3.20431301e+00  5.47610727e-02 -2.45993728e-01
   1.00048756e-01 -9.16680097e-02  7.16054692e-02  1.77878455e-02
   7.03134271e-02 -1.65293605e-02 -1.04068585e-02 -6.31807933e-02
  -2.72624120e-02]
 [ 4.16777529e+01  1.06067965e+00  1.05351532e+00  1.33096738e+00
  -3.45062742e-01  7.07108334e-01 -6.26482307e-03  3.01698054e-01
   1.63925408e-01  1.35047286e-01  4.26395879e-01  2.90357058e-01
   6.73329963e-02]
 [ 4.58447641e+01  4.16401767e+00  1.36688192e+00  1.46261252e+00
   3.74368991e-01 -2.22687470e-01 -6.85191931e-01  5.52519067e-01
  -4.79662802e-01 -2.78866060e-01  6.07407397e-03  1.80592070e-01
   9.09418699e-03]
 [ 4.49337475e+01 -2.73052139e+00  3.87545402e+00  1.13344850e+00
  -5.77003470e-02  1.05024137e+00 -9.76837414e-01  7.35905881e-01
  -3.68875882e-02  4.09273611e-01  3.94426366e-01  2.00242818e-01
   2.51156128e-01]
 [ 4.15430839e+01  1.19254905e+00  1.63832040e+00  8.74262835e-01
   3.14245997e-01  2.82444547e-01 -2.86142729e-01  5.45594520e-01
  -3.53709328e-02  3.01925987e-01  3.57153963e-01  2.98602196e-01
   1.15918380e-01]
 [ 3.68903867e+01  1.20284812e+00  1.53206378e+00  1.33083456e+00
   7.01981043e-01  4.40167107e-01  3.84629976e-01  3.91495507e-01
   3.09338908e-01  2.28542310e-01  1.44261364e-01  1.47720682e-01
   7.58604638e-02]
 [ 4.30325061e+01  5.71143423e+00  1.50362630e+00  3.63271056e-01
   9.62788494e-02  1.05380475e-01  3.27369447e-01  3.68377667e-01
  -1.18625796e-01 -1.27149209e-01  2.94081261e-01  3.86980069e-01
   9.42311844e-03]
 [ 4.24214485e+01 -2.85259978e+00  3.39256044e+00  1.64896916e+00
   5.74689582e-02  1.22320440e+00 -1.31754022e+00  6.66319203e-01
  -2.53062069e-01  4.04204075e-02  4.38808832e-01 -6.60948809e-02
   3.86061470e-01]
 [ 4.44944585e+01  7.65637465e-01 -3.94031173e-02  1.79751782e+00
   2.61657635e-01 -6.02531247e-02 -1.11483476e-01  2.41090844e-01
  -1.90743370e-01  2.88274518e-01  1.42247879e-01  3.46495522e-01
   6.62572449e-02]
 [ 4.42647080e+01  4.12641567e+00  7.39252020e-01  2.65051296e+00
   7.49466172e-01 -1.06963654e+00 -4.92972782e-01  5.16758181e-02
  -1.78204606e-01 -1.20749837e-01 -3.98327586e-03  3.29782923e-01
   1.92463813e-02]
 [ 4.09115336e+01  3.84080071e+00  1.17186130e+00  3.12976933e-01
  -7.57039543e-02  1.71402841e-01  2.19347016e-01  2.90586114e-01
   1.03137027e-01  2.53539740e-01  3.08544464e-01  2.42200965e-01
   1.64697540e-02]
 [ 4.69617517e+01  6.58865917e+00 -3.56803733e-01 -1.19261386e+00
  -9.26536487e-01 -2.54780331e-03  8.05545340e-01  5.30719246e-01
  -3.92256117e-01  2.96283626e-01  7.06844183e-01  4.86412491e-01
  -2.66590519e-01]
 [ 3.98013729e+01  4.22923745e+00  2.36018919e+00  9.58959579e-01
   3.82512133e-02 -9.17268860e-02  1.23241042e-01  2.46548636e-01
   1.10617635e-01  7.53911538e-02  1.49461107e-01  2.03441754e-01
   1.01376949e-01]
 [ 4.54100628e+01  5.46747565e+00  9.90579678e-01  4.44767914e-01
  -3.62723713e-01  3.51098879e-01 -1.36518310e-02 -1.75127039e-01
  -7.33409721e-01 -3.73391258e-02  5.43682864e-01  1.69366835e-01
  -1.21695254e-01]
 [ 4.62372863e+01  5.68023212e+00 -4.19595517e-01  3.81575161e-01
   2.12036080e-01 -3.44420638e-01 -1.51895564e-01 -1.03545296e-01
  -1.32663044e-01  4.06881574e-01  5.20380390e-01  2.86136904e-01
  -3.10160309e-01]
 [ 4.17292383e+01  3.26431516e+00  1.19258981e+00  6.92688085e-01
   3.19261339e-01  1.53387086e-01  1.11545873e-01  1.63529846e-01
   1.10819610e-01  8.82603523e-02  4.52116377e-02  4.44382974e-02
  -1.57915045e-02]
 [ 4.33832693e+01  6.78468386e+00  2.84111055e+00  1.26963186e-01
  -1.27186523e+00 -1.10026788e+00 -9.66783692e-02  3.88747960e-01
   1.30222985e-01  2.12575895e-02 -1.13550598e-01 -1.34507008e-01
  -4.06324931e-02]]
covs: [[[ 8.24005277e+00  3.74522812e+00 -3.25468824e-01 -5.80969833e-01
   -1.05645356e+00 -6.27472029e-01 -1.57350807e-01 -4.84923725e-01
    1.67879276e-02 -4.05217664e-03  1.46235576e-01 -3.77173926e-01
   -3.89558584e-01]
  [ 3.74522812e+00  2.47428639e+00  7.34287754e-02 -6.09798503e-01
   -4.96947061e-01 -1.07589985e-01  5.23773230e-02 -2.00402328e-01
   -1.99816176e-01  6.40479423e-05  4.62339290e-02 -1.80654187e-01
   -2.54558118e-01]
  [-3.25468824e-01  7.34287754e-02  9.00715729e-01  3.14908990e-01
    1.00447271e-01 -1.15656244e-02 -2.38509647e-02  1.67197680e-01
    4.97155103e-02  9.78112740e-02  4.26025027e-02 -2.10863196e-02
    2.08464578e-01]
  [-5.80969833e-01 -6.09798503e-01  3.14908990e-01  8.54432986e-01
    3.65431818e-01 -1.80546874e-01 -2.07639998e-01  1.73340651e-01
    2.50623415e-01  1.92659287e-01 -5.63335746e-02  2.34281600e-02
    2.72513805e-01]
  [-1.05645356e+00 -4.96947061e-01  1.00447271e-01  3.65431818e-01
    3.98040404e-01  5.31927670e-02 -8.07384613e-03  1.03616374e-01
    2.49863889e-02  6.02108267e-02 -8.30587955e-02  2.21389517e-02
    1.72488304e-01]
  [-6.27472029e-01 -1.07589985e-01 -1.15656244e-02 -1.80546874e-01
    5.31927670e-02  2.82570360e-01  1.54116886e-01 -2.33589769e-02
   -6.37758551e-02 -3.68654558e-02  2.24998298e-02  4.13894331e-02
    1.20676943e-02]
  [-1.57350807e-01  5.23773230e-02 -2.38509647e-02 -2.07639998e-01
   -8.07384613e-03  1.54116886e-01  1.82367948e-01 -4.48357834e-02
   -9.13280168e-02 -8.07190872e-02  7.26636129e-03 -4.40182602e-03
    1.17873160e-02]
  [-4.84923725e-01 -2.00402328e-01  1.67197680e-01  1.73340651e-01
    1.03616374e-01 -2.33589769e-02 -4.48357834e-02  1.87675777e-01
    5.02606373e-02  2.27269136e-02 -3.12774524e-02 -1.47669605e-02
    3.43543792e-02]
  [ 1.67879276e-02 -1.99816176e-01  4.97155103e-02  2.50623415e-01
    2.49863889e-02 -6.37758551e-02 -9.13280168e-02  5.02606373e-02
    2.03981381e-01  6.51265602e-02 -4.79591407e-03  8.26749543e-03
    5.42296883e-02]
  [-4.05217664e-03  6.40479423e-05  9.78112740e-02  1.92659287e-01
    6.02108267e-02 -3.68654558e-02 -8.07190872e-02  2.27269136e-02
    6.51265602e-02  1.77144779e-01  1.87657448e-02  1.06052734e-02
    1.06904330e-02]
  [ 1.46235576e-01  4.62339290e-02  4.26025027e-02 -5.63335746e-02
   -8.30587955e-02  2.24998298e-02  7.26636129e-03 -3.12774524e-02
   -4.79591407e-03  1.87657448e-02  7.11957781e-02 -2.20199467e-02
   -2.47070579e-02]
  [-3.77173926e-01 -1.80654187e-01 -2.10863196e-02  2.34281600e-02
    2.21389517e-02  4.13894331e-02 -4.40182602e-03 -1.47669605e-02
    8.26749543e-03  1.06052734e-02 -2.20199467e-02  1.40979533e-01
    5.39494287e-02]
  [-3.89558584e-01 -2.54558118e-01  2.08464578e-01  2.72513805e-01
    1.72488304e-01  1.20676943e-02  1.17873160e-02  3.43543792e-02
    5.42296883e-02  1.06904330e-02 -2.47070579e-02  5.39494287e-02
    2.29787348e-01]]

 [[ 1.02553903e+00  4.35793340e-03 -1.10987803e-01 -3.25863728e-02
   -8.17509400e-02  1.02860534e-01 -1.42635416e-01 -4.48789250e-02
   -1.23129222e-01 -5.59422955e-02  2.88332918e-02 -1.69138093e-02
   -1.09964681e-02]
  [ 4.35793340e-03  5.41619648e-01 -2.63230427e-01 -2.14895740e-01
    1.07883177e-01 -7.81813348e-02  2.00553768e-01 -9.32015613e-02
   -7.20126609e-03  4.85190291e-02  5.47496176e-03  1.03512246e-01
   -7.41715787e-02]
  [-1.10987803e-01 -2.63230427e-01  8.42080191e-01  4.59899212e-01
   -7.05207863e-02  5.63728958e-02 -3.31124625e-01  6.51016331e-02
   -6.76622515e-02 -1.07573978e-01 -6.69938452e-02 -1.72338583e-01
    1.26908094e-01]
  [-3.25863728e-02 -2.14895740e-01  4.59899212e-01  4.04014947e-01
   -2.84882156e-02  4.80418357e-02 -2.25186382e-01  3.55745626e-02
   -2.08114260e-02 -7.84662732e-02 -3.20808315e-02 -1.26367460e-01
    5.79964671e-02]
  [-8.17509400e-02  1.07883177e-01 -7.05207863e-02 -2.84882156e-02
    1.47608784e-01 -1.17430905e-02  7.81987870e-02 -2.11986827e-02
    1.97515873e-03  2.76220949e-02 -2.21476033e-03  2.87861592e-02
   -3.65944309e-02]
  [ 1.02860534e-01 -7.81813348e-02  5.63728958e-02  4.80418357e-02
   -1.17430905e-02  1.47200035e-01 -8.04721014e-03  1.76391517e-02
   -2.85179738e-03 -3.06495354e-02  3.13551122e-03 -2.80452642e-02
    7.82077447e-03]
  [-1.42635416e-01  2.00553768e-01 -3.31124625e-01 -2.25186382e-01
    7.81987870e-02 -8.04721014e-03  3.36927331e-01 -8.20362497e-03
    6.50009864e-02  7.31616148e-02  7.12486125e-03  1.06930095e-01
   -8.58141331e-02]
  [-4.48789250e-02 -9.32015613e-02  6.51016331e-02  3.55745626e-02
   -2.11986827e-02  1.76391517e-02 -8.20362497e-03  1.21412526e-01
    2.94401335e-02  5.94049800e-03  6.41534165e-03 -2.05096652e-02
    3.14189448e-02]
  [-1.23129222e-01 -7.20126609e-03 -6.76622515e-02 -2.08114260e-02
    1.97515873e-03 -2.85179738e-03  6.50009864e-02  2.94401335e-02
    1.27672389e-01  4.86736262e-02  6.48728094e-03  2.47849356e-02
   -1.54288896e-02]
  [-5.59422955e-02  4.85190291e-02 -1.07573978e-01 -7.84662732e-02
    2.76220949e-02 -3.06495354e-02  7.31616148e-02  5.94049800e-03
    4.86736262e-02  1.21051927e-01  3.43666210e-02  4.74858603e-02
   -1.19350385e-02]
  [ 2.88332918e-02  5.47496176e-03 -6.69938452e-02 -3.20808315e-02
   -2.21476033e-03  3.13551122e-03  7.12486125e-03  6.41534165e-03
    6.48728094e-03  3.43666210e-02  1.01384892e-01  3.71799950e-02
    3.54260331e-03]
  [-1.69138093e-02  1.03512246e-01 -1.72338583e-01 -1.26367460e-01
    2.87861592e-02 -2.80452642e-02  1.06930095e-01 -2.05096652e-02
    2.47849356e-02  4.74858603e-02  3.71799950e-02  1.18682591e-01
   -1.19274115e-02]
  [-1.09964681e-02 -7.41715787e-02  1.26908094e-01  5.79964671e-02
   -3.65944309e-02  7.82077447e-03 -8.58141331e-02  3.14189448e-02
   -1.54288896e-02 -1.19350385e-02  3.54260331e-03 -1.19274115e-02
    9.95578308e-02]]

 [[ 1.89116259e-01  1.07515670e-01  3.30908910e-02  9.36651149e-03
   -4.18304470e-03 -8.14368237e-03 -1.28123278e-02 -9.43304981e-03
   -1.15938126e-02 -7.80643059e-03 -5.59724429e-03 -4.67100005e-03
   -6.74305817e-03]
  [ 1.07515670e-01  1.53015503e-01  6.63420011e-02  9.89487409e-03
    8.25540314e-04 -6.96163741e-03 -8.14465522e-03 -9.02486482e-03
   -8.06433938e-03 -6.89909950e-03 -4.14049203e-03 -5.07020409e-03
   -6.29728996e-03]
  [ 3.30908910e-02  6.63420011e-02  1.15405624e-01  4.87641382e-02
    9.38176064e-03 -2.65569283e-03 -6.88415520e-03 -4.03583052e-03
   -2.38164223e-03 -1.88951801e-03 -2.06150156e-03 -3.15672385e-03
   -3.97389326e-03]
  [ 9.36651149e-03  9.89487409e-03  4.87641382e-02  1.06318946e-01
    3.88477174e-02  3.65215412e-04 -1.96474169e-03 -1.60406456e-03
    2.38054495e-03  1.92046168e-03  1.52509658e-03 -3.69645885e-04
   -1.35414434e-03]
  [-4.18304470e-03  8.25540314e-04  9.38176064e-03  3.88477174e-02
    8.94647758e-02  3.54180170e-02  4.73357838e-03  3.86262730e-03
    2.85962008e-04  2.85454147e-05 -9.42382615e-04 -6.24979027e-04
   -1.79349986e-03]
  [-8.14368237e-03 -6.96163741e-03 -2.65569283e-03  3.65215412e-04
    3.54180170e-02  9.00493905e-02  3.46228057e-02  6.61533995e-03
    2.39846656e-03 -2.60220694e-04 -1.93294689e-04 -2.76010541e-04
   -8.66853197e-04]
  [-1.28123278e-02 -8.14465522e-03 -6.88415520e-03 -1.96474169e-03
    4.73357838e-03  3.46228057e-02  8.13853086e-02  3.31829341e-02
    6.12033974e-03  2.24168942e-03  1.25737836e-03  8.77995299e-04
    1.91718847e-04]
  [-9.43304981e-03 -9.02486482e-03 -4.03583052e-03 -1.60406456e-03
    3.86262730e-03  6.61533995e-03  3.31829341e-02  8.14443582e-02
    3.25253460e-02  6.17101675e-03  4.34028394e-03 -7.57373025e-05
    2.00816470e-03]
  [-1.15938126e-02 -8.06433938e-03 -2.38164223e-03  2.38054495e-03
    2.85962008e-04  2.39846656e-03  6.12033974e-03  3.25253460e-02
    7.58874269e-02  3.01754255e-02  5.98192191e-03  4.13304516e-03
    9.84590916e-04]
  [-7.80643059e-03 -6.89909950e-03 -1.88951801e-03  1.92046168e-03
    2.85454147e-05 -2.60220694e-04  2.24168942e-03  6.17101675e-03
    3.01754255e-02  7.10292105e-02  2.65553945e-02  5.59440730e-03
    4.60188959e-03]
  [-5.59724429e-03 -4.14049203e-03 -2.06150156e-03  1.52509658e-03
   -9.42382615e-04 -1.93294689e-04  1.25737836e-03  4.34028394e-03
    5.98192191e-03  2.65553945e-02  6.71153207e-02  2.80151436e-02
    7.88753753e-03]
  [-4.67100005e-03 -5.07020409e-03 -3.15672385e-03 -3.69645885e-04
   -6.24979027e-04 -2.76010541e-04  8.77995299e-04 -7.57373025e-05
    4.13304516e-03  5.59440730e-03  2.80151436e-02  6.68458121e-02
    2.78874857e-02]
  [-6.74305817e-03 -6.29728996e-03 -3.97389326e-03 -1.35414434e-03
   -1.79349986e-03 -8.66853197e-04  1.91718847e-04  2.00816470e-03
    9.84590916e-04  4.60188959e-03  7.88753753e-03  2.78874857e-02
    6.33445991e-02]]

 [[ 1.13013713e+00  1.77383518e-01  5.53155927e-02  1.09678091e-02
   -6.14132593e-02 -2.49733162e-02 -2.85334301e-02 -3.46730036e-02
   -2.91478908e-02 -6.51973206e-03 -1.40253675e-03  2.96757862e-02
    3.78753688e-03]
  [ 1.77383518e-01  2.13904314e-01  7.42784320e-02  5.81012279e-03
   -2.31191400e-02 -2.17484261e-02 -1.48057527e-02 -9.97140336e-03
   -1.24560704e-02 -1.43722919e-02 -4.19845681e-03 -3.16393321e-03
    4.38630682e-03]
  [ 5.53155927e-02  7.42784320e-02  1.03355292e-01  2.18857554e-02
   -1.12106461e-02 -4.22244535e-03 -8.56771632e-03 -8.71847470e-03
   -1.84784769e-02 -1.50909261e-02 -1.02824642e-03  1.05452816e-03
   -3.39848220e-03]
  [ 1.09678091e-02  5.81012279e-03  2.18857554e-02  7.00312863e-02
    2.13338860e-02  3.46900398e-03 -3.85744600e-03 -9.42936465e-03
   -4.02878058e-03 -7.75428540e-03 -2.95498166e-03  9.84312498e-04
   -1.51537432e-03]
  [-6.14132593e-02 -2.31191400e-02 -1.12106461e-02  2.13338860e-02
    7.91283059e-02  2.93953253e-02  7.26007667e-03  4.06412456e-03
    6.18838512e-04 -3.72436028e-04 -5.92046975e-03 -8.46582514e-03
   -5.02406681e-03]
  [-2.49733162e-02 -2.17484261e-02 -4.22244535e-03  3.46900398e-03
    2.93953253e-02  7.72303937e-02  3.66814037e-02  3.35059145e-03
    4.18786735e-04 -2.91391751e-04 -1.21901992e-02 -1.54102888e-02
   -5.02427281e-03]
  [-2.85334301e-02 -1.48057527e-02 -8.56771632e-03 -3.85744600e-03
    7.26007667e-03  3.66814037e-02  8.16533919e-02  3.03281578e-02
   -2.51637497e-03 -1.04210543e-03 -1.97883158e-03 -1.00065843e-02
    5.32416416e-04]
  [-3.46730036e-02 -9.97140336e-03 -8.71847470e-03 -9.42936465e-03
    4.06412456e-03  3.35059145e-03  3.03281578e-02  7.99970334e-02
    2.42454130e-02  1.64541920e-03  2.57728406e-04 -9.83999853e-03
   -1.57975538e-03]
  [-2.91478908e-02 -1.24560704e-02 -1.84784769e-02 -4.02878058e-03
    6.18838512e-04  4.18786735e-04 -2.51637497e-03  2.42454130e-02
    7.64717755e-02  2.73105845e-02  6.66706381e-04 -8.50798774e-03
   -4.55970422e-03]
  [-6.51973206e-03 -1.43722919e-02 -1.50909261e-02 -7.75428540e-03
   -3.72436028e-04 -2.91391751e-04 -1.04210543e-03  1.64541920e-03
    2.73105845e-02  5.63812313e-02  1.91514454e-02 -3.35078633e-03
    2.93207630e-03]
  [-1.40253675e-03 -4.19845681e-03 -1.02824642e-03 -2.95498166e-03
   -5.92046975e-03 -1.21901992e-02 -1.97883158e-03  2.57728406e-04
    6.66706381e-04  1.91514454e-02  6.62014912e-02  2.41148268e-02
   -3.21755705e-04]
  [ 2.96757862e-02 -3.16393321e-03  1.05452816e-03  9.84312498e-04
   -8.46582514e-03 -1.54102888e-02 -1.00065843e-02 -9.83999853e-03
   -8.50798774e-03 -3.35078633e-03  2.41148268e-02  5.29413029e-02
    2.02588625e-02]
  [ 3.78753688e-03  4.38630682e-03 -3.39848220e-03 -1.51537432e-03
   -5.02406681e-03 -5.02427281e-03  5.32416416e-04 -1.57975538e-03
   -4.55970422e-03  2.93207630e-03 -3.21755705e-04  2.02588625e-02
    4.61668949e-02]]

 [[ 6.23302746e+00  2.37687415e+00 -2.70718890e-01 -8.49903148e-01
   -5.46454294e-01 -2.29342582e-01 -3.58864303e-01  2.00598669e-01
   -8.58512809e-01 -6.38423411e-02  8.87249258e-02 -1.49040915e-01
    6.11754259e-02]
  [ 2.37687415e+00  4.40317361e+00  7.40157709e-02 -1.38243552e+00
   -3.25219958e-01 -7.73708174e-01 -4.60159094e-02  3.13734403e-01
   -5.93434406e-01  2.74868614e-01  2.29503130e-01 -5.23002970e-03
    2.57530283e-01]
  [-2.70718890e-01  7.40157709e-02  1.15974090e+00  3.87484427e-01
   -5.97959834e-02 -3.50918364e-02 -4.23318645e-01 -1.25121010e-01
   -2.45218852e-02 -1.13029497e-01  3.66890884e-02 -6.04503429e-02
   -1.79804982e-02]
  [-8.49903148e-01 -1.38243552e+00  3.87484427e-01  1.07029231e+00
    2.00690867e-01 -5.77736878e-02 -9.10156699e-02 -1.84223713e-01
    2.43567187e-01 -7.98781697e-02 -1.11769383e-01 -1.55117371e-02
   -1.12071861e-01]
  [-5.46454294e-01 -3.25219958e-01 -5.97959834e-02  2.00690867e-01
    3.48147699e-01  3.09367804e-02 -5.94041677e-03  1.43300010e-02
    3.76453431e-03  4.67528342e-03 -2.89388960e-02 -1.64307061e-02
   -1.52788349e-02]
  [-2.29342582e-01 -7.73708174e-01 -3.50918364e-02 -5.77736878e-02
    3.09367804e-02  7.06509249e-01  7.64990709e-02 -7.29298946e-03
    8.91147566e-02 -1.85767972e-01 -3.80038020e-03  1.12211133e-02
   -3.14019089e-02]
  [-3.58864303e-01 -4.60159094e-02 -4.23318645e-01 -9.10156699e-02
   -5.94041677e-03  7.64990709e-02  4.36459275e-01  9.95203959e-02
    1.37769441e-01  6.13429557e-02 -4.44118039e-02  8.10545816e-02
    1.90736310e-02]
  [ 2.00598669e-01  3.13734403e-01 -1.25121010e-01 -1.84223713e-01
    1.43300010e-02 -7.29298946e-03  9.95203959e-02  2.53126531e-01
   -1.54314835e-02  3.23669728e-02  1.07481572e-03 -6.15651109e-03
    6.41120348e-02]
  [-8.58512809e-01 -5.93434406e-01 -2.45218852e-02  2.43567187e-01
    3.76453431e-03  8.91147566e-02  1.37769441e-01 -1.54314835e-02
    3.22633137e-01  2.87384455e-02 -2.49623507e-02  5.55748541e-02
   -1.86837869e-02]
  [-6.38423411e-02  2.74868614e-01 -1.13029497e-01 -7.98781697e-02
    4.67528342e-03 -1.85767972e-01  6.13429557e-02  3.23669728e-02
    2.87384455e-02  1.85050544e-01  3.77922065e-02  1.38943632e-02
    2.52699883e-02]
  [ 8.87249258e-02  2.29503130e-01  3.66890884e-02 -1.11769383e-01
   -2.89388960e-02 -3.80038020e-03 -4.44118039e-02  1.07481572e-03
   -2.49623507e-02  3.77922065e-02  1.38013947e-01  2.65061413e-02
    1.85258575e-02]
  [-1.49040915e-01 -5.23002970e-03 -6.04503429e-02 -1.55117371e-02
   -1.64307061e-02  1.12211133e-02  8.10545816e-02 -6.15651109e-03
    5.55748541e-02  1.38943632e-02  2.65061413e-02  1.10194836e-01
    3.48859777e-02]
  [ 6.11754259e-02  2.57530283e-01 -1.79804982e-02 -1.12071861e-01
   -1.52788349e-02 -3.14019089e-02  1.90736310e-02  6.41120348e-02
   -1.86837869e-02  2.52699883e-02  1.85258575e-02  3.48859777e-02
    1.47207369e-01]]

 [[ 4.96712677e+00 -1.57250780e-01 -1.40707719e+00 -3.99544654e-01
    2.86970049e-01  1.24553382e-02 -3.03897642e-01 -5.39784574e-01
   -5.20761290e-01  3.46861420e-01  1.46741208e-01 -3.88383309e-02
    9.67884797e-02]
  [-1.57250780e-01  1.33506738e+00 -2.09058046e-01 -9.93261433e-01
   -5.10919173e-01  1.40804537e-01  5.17710715e-01  1.91810011e-01
    1.46789944e-01 -1.00573227e-01  1.40812734e-01  1.04933605e-01
   -5.44074105e-02]
  [-1.40707719e+00 -2.09058046e-01  9.32093381e-01  1.60010200e-01
   -5.30081567e-02  5.59979495e-02 -1.96021802e-02  2.01335739e-01
    9.28879662e-02 -5.43419351e-02 -9.54135412e-02 -3.94590357e-02
   -2.86521204e-02]
  [-3.99544654e-01 -9.93261433e-01  1.60010200e-01  1.63726402e+00
    5.02143170e-01 -3.82129285e-01 -3.12631616e-01 -2.42444639e-01
   -6.50140840e-02 -1.63845422e-01 -2.95897139e-01 -1.18005114e-01
    7.65861492e-02]
  [ 2.86970049e-01 -5.10919173e-01 -5.30081567e-02  5.02143170e-01
    4.40145973e-01 -1.46508226e-01 -2.38284466e-01 -1.46651480e-01
   -1.26830764e-01  4.25872553e-02 -1.12802988e-01 -5.39371467e-02
    3.70361577e-02]
  [ 1.24553382e-02  1.40804537e-01  5.59979495e-02 -3.82129285e-01
   -1.46508226e-01  3.57886583e-01  1.73260354e-01  4.82163536e-02
    3.56709993e-02  4.90934771e-02  1.15286934e-01 -9.75390197e-03
   -1.44499418e-02]
  [-3.03897642e-01  5.17710715e-01 -1.96021802e-02 -3.12631616e-01
   -2.38284466e-01  1.73260354e-01  5.05166529e-01  1.10547382e-01
    8.26043613e-02 -1.18556513e-01  4.45832158e-02  7.44500439e-03
   -4.78310723e-02]
  [-5.39784574e-01  1.91810011e-01  2.01335739e-01 -2.42444639e-01
   -1.46651480e-01  4.82163536e-02  1.10547382e-01  3.75955188e-01
    1.47900494e-01 -5.00930114e-02  3.47069542e-02  1.07653765e-01
   -1.00891954e-02]
  [-5.20761290e-01  1.46789944e-01  9.28879662e-02 -6.50140840e-02
   -1.26830764e-01  3.56709993e-02  8.26043613e-02  1.47900494e-01
    2.67829151e-01 -3.71621937e-02 -1.22742356e-02  6.51127120e-02
    4.74386782e-03]
  [ 3.46861420e-01 -1.00573227e-01 -5.43419351e-02 -1.63845422e-01
    4.25872553e-02  4.90934771e-02 -1.18556513e-01 -5.00930114e-02
   -3.71621937e-02  2.23872132e-01  6.39398081e-02 -1.80313368e-02
   -4.45516010e-03]
  [ 1.46741208e-01  1.40812734e-01 -9.54135412e-02 -2.95897139e-01
   -1.12802988e-01  1.15286934e-01  4.45832158e-02  3.47069542e-02
   -1.22742356e-02  6.39398081e-02  2.10911328e-01  2.97276727e-02
   -2.38730647e-02]
  [-3.88383309e-02  1.04933605e-01 -3.94590357e-02 -1.18005114e-01
   -5.39371467e-02 -9.75390197e-03  7.44500439e-03  1.07653765e-01
    6.51127120e-02 -1.80313368e-02  2.97276727e-02  1.44239102e-01
    2.57680901e-02]
  [ 9.67884797e-02 -5.44074105e-02 -2.86521204e-02  7.65861492e-02
    3.70361577e-02 -1.44499418e-02 -4.78310723e-02 -1.00891954e-02
    4.74386782e-03 -4.45516010e-03 -2.38730647e-02  2.57680901e-02
    7.48965543e-02]]

 [[ 3.35462093e+00  1.39197186e+00  4.21771827e-01 -3.62890757e-01
   -5.09381350e-01 -1.15359523e-01 -2.73299487e-01 -3.00306790e-01
   -8.12018498e-02  5.30288500e-02  1.74804112e-02  2.42302574e-02
   -1.23357634e-02]
  [ 1.39197186e+00  3.43020924e+00 -2.26661515e-01  1.31165623e-01
   -3.29361484e-01 -4.13930146e-01  1.04105782e-01 -2.69477583e-01
    8.38358826e-02 -1.95555232e-02  1.34931602e-01  4.70557835e-02
    2.96370911e-02]
  [ 4.21771827e-01 -2.26661515e-01  9.98860514e-01 -3.20324357e-02
    5.37853248e-02  4.29633947e-02 -2.18066993e-01  1.40944262e-01
   -5.51404211e-02 -4.96860571e-03 -5.59903283e-02  1.79965010e-02
    1.35867117e-01]
  [-3.62890757e-01  1.31165623e-01 -3.20324357e-02  6.63820981e-01
   -3.76548102e-03  4.51879936e-02 -2.48536250e-02 -1.48338978e-01
    2.87580351e-02 -1.68454827e-01 -2.23036791e-02 -3.12039226e-02
    1.11779769e-02]
  [-5.09381350e-01 -3.29361484e-01  5.37853248e-02 -3.76548102e-03
    5.13477629e-01 -6.15365482e-02  2.41853582e-02  1.33107901e-01
   -7.98781681e-02  4.26741516e-02 -7.77755862e-02  2.06264956e-03
    3.75851906e-02]
  [-1.15359523e-01 -4.13930146e-01  4.29633947e-02  4.51879936e-02
   -6.15365482e-02  3.86383646e-01 -5.64367515e-03  7.56927843e-02
    1.64805557e-02 -1.37890879e-02  3.78238775e-02 -6.43024882e-02
    7.74265295e-04]
  [-2.73299487e-01  1.04105782e-01 -2.18066993e-01 -2.48536250e-02
    2.41853582e-02 -5.64367515e-03  3.25921517e-01  6.75435448e-03
    9.59384661e-02  4.35342337e-02 -5.50561653e-04  3.25656300e-02
   -5.78725158e-02]
  [-3.00306790e-01 -2.69477583e-01  1.40944262e-01 -1.48338978e-01
    1.33107901e-01  7.56927843e-02  6.75435448e-03  3.79519642e-01
    5.40949494e-03  7.50877132e-02 -3.12269304e-02 -5.49466367e-02
    4.58938883e-02]
  [-8.12018498e-02  8.38358826e-02 -5.51404211e-02  2.87580351e-02
   -7.98781681e-02  1.64805557e-02  9.59384661e-02  5.40949494e-03
    2.36478667e-01  3.52221313e-02  4.80853421e-02  1.04634495e-03
   -1.36726842e-02]
  [ 5.30288500e-02 -1.95555232e-02 -4.96860571e-03 -1.68454827e-01
    4.26741516e-02 -1.37890879e-02  4.35342337e-02  7.50877132e-02
    3.52221313e-02  1.99524594e-01  4.12643183e-02  3.27637208e-02
    3.65783727e-03]
  [ 1.74804112e-02  1.34931602e-01 -5.59903283e-02 -2.23036791e-02
   -7.77755862e-02  3.78238775e-02 -5.50561653e-04 -3.12269304e-02
    4.80853421e-02  4.12643183e-02  1.99596088e-01  9.50390479e-03
    2.21253773e-02]
  [ 2.42302574e-02  4.70557835e-02  1.79965010e-02 -3.12039226e-02
    2.06264956e-03 -6.43024882e-02  3.25656300e-02 -5.49466367e-02
    1.04634495e-03  3.27637208e-02  9.50390479e-03  1.42107962e-01
    3.33207269e-03]
  [-1.23357634e-02  2.96370911e-02  1.35867117e-01  1.11779769e-02
    3.75851906e-02  7.74265295e-04 -5.78725158e-02  4.58938883e-02
   -1.36726842e-02  3.65783727e-03  2.21253773e-02  3.33207269e-03
    1.42916177e-01]]

 [[ 5.27550981e+00  3.01619116e-01  3.84803054e-01 -1.54536070e-01
   -3.70265665e-01 -1.35512033e-01 -6.92098857e-01  1.34570685e-01
   -2.97653780e-01  6.27824445e-02  9.56297725e-02  1.07428801e-01
    1.12524282e-01]
  [ 3.01619116e-01  2.52479001e+00  7.77701253e-01  1.63912694e-01
   -2.61289620e-01 -4.86921529e-01 -3.60935968e-01 -1.53944836e-01
    7.05491939e-02 -9.20034208e-02 -1.66422416e-01  3.37277256e-03
    9.04224744e-02]
  [ 3.84803054e-01  7.77701253e-01  1.31413987e+00  3.88197552e-01
   -1.36524506e-01 -2.27529000e-01 -4.09237761e-01 -4.36840694e-02
    5.91182672e-02 -7.52312541e-03 -9.04564581e-02  6.10334239e-03
    1.24884302e-01]
  [-1.54536070e-01  1.63912694e-01  3.88197552e-01  7.26008737e-01
    2.54250451e-01 -1.36580533e-01 -3.28410569e-01 -1.28778091e-01
   -3.56559323e-02 -1.04021433e-01 -1.30113933e-01 -7.85906241e-02
    1.08124613e-01]
  [-3.70265665e-01 -2.61289620e-01 -1.36524506e-01  2.54250451e-01
    4.39362872e-01  3.50733795e-04  7.51469987e-02 -5.46183962e-02
   -7.78840472e-02 -2.98596078e-02 -6.16785051e-02 -2.25689636e-02
    4.36629101e-03]
  [-1.35512033e-01 -4.86921529e-01 -2.27529000e-01 -1.36580533e-01
    3.50733795e-04  3.19757751e-01  1.67828750e-01  1.01955376e-01
   -1.27978038e-02  4.29095314e-02  4.67864720e-02  4.62316149e-05
   -4.83689158e-02]
  [-6.92098857e-01 -3.60935968e-01 -4.09237761e-01 -3.28410569e-01
    7.51469987e-02  1.67828750e-01  6.46246527e-01  1.18018097e-01
    8.52540801e-02  4.80848577e-02  6.41460748e-02  3.26748896e-02
   -7.47459020e-02]
  [ 1.34570685e-01 -1.53944836e-01 -4.36840694e-02 -1.28778091e-01
   -5.46183962e-02  1.01955376e-01  1.18018097e-01  2.32009535e-01
    6.03573721e-02  5.51606618e-02  2.04235470e-02 -4.67767358e-03
   -2.23843366e-02]
  [-2.97653780e-01  7.05491939e-02  5.91182672e-02 -3.56559323e-02
   -7.78840472e-02 -1.27978038e-02  8.52540801e-02  6.03573721e-02
    1.61652308e-01  4.48332572e-02  3.66324432e-02  1.16418777e-02
   -4.05947159e-03]
  [ 6.27824445e-02 -9.20034208e-02 -7.52312541e-03 -1.04021433e-01
   -2.98596078e-02  4.29095314e-02  4.80848577e-02  5.51606618e-02
    4.48332572e-02  1.59221499e-01  7.62710595e-02  3.96415934e-02
   -3.37567140e-02]
  [ 9.56297725e-02 -1.66422416e-01 -9.04564581e-02 -1.30113933e-01
   -6.16785051e-02  4.67864720e-02  6.41460748e-02  2.04235470e-02
    3.66324432e-02  7.62710595e-02  1.56167444e-01  6.11271804e-02
   -3.94091893e-02]
  [ 1.07428801e-01  3.37277256e-03  6.10334239e-03 -7.85906241e-02
   -2.25689636e-02  4.62316149e-05  3.26748896e-02 -4.67767358e-03
    1.16418777e-02  3.96415934e-02  6.11271804e-02  1.25878695e-01
    1.52055716e-02]
  [ 1.12524282e-01  9.04224744e-02  1.24884302e-01  1.08124613e-01
    4.36629101e-03 -4.83689158e-02 -7.47459020e-02 -2.23843366e-02
   -4.05947159e-03 -3.37567140e-02 -3.94091893e-02  1.52055716e-02
    1.04804880e-01]]

 [[ 1.54366318e+00  1.08611555e+00  2.02920280e-01 -1.50644288e-01
   -1.74667444e-01 -1.55016042e-01 -1.45679118e-01 -1.06506562e-01
   -7.02303227e-02 -5.07354424e-02 -5.89301117e-02 -6.07898974e-02
   -4.17541603e-02]
  [ 1.08611555e+00  9.00233550e-01  2.26863334e-01 -8.55045940e-02
   -1.28979408e-01 -1.20568635e-01 -1.08510091e-01 -7.81020782e-02
   -4.54844016e-02 -3.33387596e-02 -4.12626727e-02 -4.03941879e-02
   -2.85989039e-02]
  [ 2.02920280e-01  2.26863334e-01  1.95525542e-01  6.83564731e-02
   -3.06491615e-03 -2.50057999e-02 -2.90300081e-02 -1.87667899e-02
   -6.24212048e-03 -4.29878795e-03 -1.21355061e-02 -9.93469669e-03
   -4.08153041e-03]
  [-1.50644288e-01 -8.55045940e-02  6.83564731e-02  1.55997573e-01
    7.42927519e-02  2.24073291e-02  1.40484193e-02  8.99543794e-03
    1.01932703e-02  6.38967896e-03  1.12060855e-03  2.57226185e-03
    5.91411370e-03]
  [-1.74667444e-01 -1.28979408e-01 -3.06491615e-03  7.42927519e-02
    1.27002199e-01  6.49881142e-02  3.15049465e-02  1.86753862e-02
    5.76949349e-03  8.25134284e-03  4.54607909e-03  4.42867756e-03
    5.04049925e-03]
  [-1.55016042e-01 -1.20568635e-01 -2.50057999e-02  2.24073291e-02
    6.49881142e-02  1.19662564e-01  6.13280463e-02  2.16976089e-02
    8.06260731e-03  9.38014723e-03  9.46711150e-03  4.79574530e-03
    3.23049181e-03]
  [-1.45679118e-01 -1.08510091e-01 -2.90300081e-02  1.40484193e-02
    3.15049465e-02  6.13280463e-02  1.09853429e-01  5.05648434e-02
    1.52468320e-02  9.43333169e-03  8.06061639e-03  8.89952147e-03
    3.01998625e-03]
  [-1.06506562e-01 -7.81020782e-02 -1.87667899e-02  8.99543794e-03
    1.86753862e-02  2.16976089e-02  5.05648434e-02  9.15838881e-02
    3.97719094e-02  1.22903070e-02  1.08196042e-02  6.90461282e-03
    6.15265199e-03]
  [-7.02303227e-02 -4.54844016e-02 -6.24212048e-03  1.01932703e-02
    5.76949349e-03  8.06260731e-03  1.52468320e-02  3.97719094e-02
    8.23947969e-02  3.71242578e-02  1.18709289e-02  6.72019407e-03
    3.28100996e-03]
  [-5.07354424e-02 -3.33387596e-02 -4.29878795e-03  6.38967896e-03
    8.25134284e-03  9.38014723e-03  9.43333169e-03  1.22903070e-02
    3.71242578e-02  7.87967934e-02  3.40567948e-02  8.24206444e-03
    5.10923508e-03]
  [-5.89301117e-02 -4.12626727e-02 -1.21355061e-02  1.12060855e-03
    4.54607909e-03  9.46711150e-03  8.06061639e-03  1.08196042e-02
    1.18709289e-02  3.40567948e-02  7.12742017e-02  3.11005717e-02
    8.67210231e-03]
  [-6.07898974e-02 -4.03941879e-02 -9.93469669e-03  2.57226185e-03
    4.42867756e-03  4.79574530e-03  8.89952147e-03  6.90461282e-03
    6.72019407e-03  8.24206444e-03  3.11005717e-02  6.61949278e-02
    2.78918094e-02]
  [-4.17541603e-02 -2.85989039e-02 -4.08153041e-03  5.91411370e-03
    5.04049925e-03  3.23049181e-03  3.01998625e-03  6.15265199e-03
    3.28100996e-03  5.10923508e-03  8.67210231e-03  2.78918094e-02
    6.37233753e-02]]

 [[ 2.35458632e+00  9.54931777e-01 -6.75290487e-01 -8.06596455e-01
   -2.86398459e-01  3.84904458e-02  6.79047156e-02 -1.29765301e-01
   -1.52916721e-01  7.60782242e-02  1.54205544e-01  6.61833191e-02
    5.64946372e-04]
  [ 9.54931777e-01  7.04582853e-01 -1.53881082e-01 -4.80363397e-01
   -2.28275327e-01  5.86111424e-02  6.13536163e-02 -1.21439263e-01
   -1.51471667e-01 -2.24041763e-02  1.79621894e-02  8.49344037e-03
    1.08102028e-02]
  [-6.75290487e-01 -1.53881082e-01  5.65715795e-01  4.42596820e-01
    1.16061709e-01 -3.17983103e-02 -7.43865620e-03  5.74973557e-02
    1.69591273e-02 -1.50688536e-01 -1.92809765e-01 -8.43828553e-02
    1.18029714e-02]
  [-8.06596455e-01 -4.80363397e-01  4.42596820e-01  8.38432831e-01
    3.25645736e-01 -1.54078789e-01 -9.39588332e-02  1.35423724e-01
    4.32892198e-02 -2.05618796e-01 -2.22160676e-01 -1.06483451e-01
   -2.74793251e-02]
  [-2.86398459e-01 -2.28275327e-01  1.16061709e-01  3.25645736e-01
    2.82383631e-01  4.81315668e-02 -3.82442407e-02  1.34150235e-02
    3.36750132e-02 -1.37127561e-02 -4.74230894e-02 -4.39902310e-02
   -1.07385388e-02]
  [ 3.84904458e-02  5.86111424e-02 -3.17983103e-02 -1.54078789e-01
    4.81315668e-02  2.25968185e-01  7.88356065e-02 -8.34551619e-02
    4.91335084e-03  1.04555751e-01  6.25430466e-02  1.27278427e-02
    1.86518003e-02]
  [ 6.79047156e-02  6.13536163e-02 -7.43865620e-03 -9.39588332e-02
   -3.82442407e-02  7.88356065e-02  1.61964466e-01  7.50037512e-02
    1.21702215e-02 -1.00305544e-03  1.14116472e-03  1.44648172e-02
    2.40436833e-02]
  [-1.29765301e-01 -1.21439263e-01  5.74973557e-02  1.35423724e-01
    1.34150235e-02 -8.34551619e-02  7.50037512e-02  2.63302311e-01
    1.20526631e-01 -6.87081074e-02 -5.44548989e-02  2.06394781e-03
    9.72906227e-03]
  [-1.52916721e-01 -1.51471667e-01  1.69591273e-02  4.32892198e-02
    3.36750132e-02  4.91335084e-03  1.21702215e-02  1.20526631e-01
    2.14656495e-01  1.19053719e-01  4.49220313e-02  1.70490680e-02
    5.15396224e-04]
  [ 7.60782242e-02 -2.24041763e-02 -1.50688536e-01 -2.05618796e-01
   -1.37127561e-02  1.04555751e-01 -1.00305544e-03 -6.87081074e-02
    1.19053719e-01  3.03207553e-01  2.04968158e-01  5.08857797e-02
   -8.62866218e-03]
  [ 1.54205544e-01  1.79621894e-02 -1.92809765e-01 -2.22160676e-01
   -4.74230894e-02  6.25430466e-02  1.14116472e-03 -5.44548989e-02
    4.49220313e-02  2.04968158e-01  2.26784478e-01  7.58014607e-02
   -1.11996821e-02]
  [ 6.61833191e-02  8.49344037e-03 -8.43828553e-02 -1.06483451e-01
   -4.39902310e-02  1.27278427e-02  1.44648172e-02  2.06394781e-03
    1.70490680e-02  5.08857797e-02  7.58014607e-02  9.58232297e-02
    3.63436497e-02]
  [ 5.64946372e-04  1.08102028e-02  1.18029714e-02 -2.74793251e-02
   -1.07385388e-02  1.86518003e-02  2.40436833e-02  9.72906227e-03
    5.15396224e-04 -8.62866218e-03 -1.11996821e-02  3.63436497e-02
    9.32796192e-02]]

 [[ 4.61461028e+00 -4.46677362e-01  2.18484016e+00 -3.85885397e-01
    4.60303063e-03 -4.92471864e-01 -1.38575093e+00 -4.41918570e-01
   -8.78499932e-01 -6.46199207e-02 -3.43691016e-01 -6.40912188e-02
    1.35176377e-01]
  [-4.46677362e-01  1.34125135e+00 -3.96073934e-01 -3.18327842e-02
    1.53487936e-01 -3.68793999e-01  2.07858440e-01 -3.33935403e-02
   -9.71560465e-02  1.16661690e-01 -1.82897029e-01  9.76877917e-02
   -1.57760534e-01]
  [ 2.18484016e+00 -3.96073934e-01  1.41217567e+00 -2.06537802e-01
    3.20414055e-02 -2.64439678e-01 -7.34494778e-01 -1.51243661e-01
   -3.92077308e-01 -1.73137134e-02 -1.72444852e-01 -2.48117096e-02
    1.11051848e-01]
  [-3.85885397e-01 -3.18327842e-02 -2.06537802e-01  2.51263820e-01
   -3.53068841e-02  9.02661357e-02  1.22198484e-01 -4.81060740e-03
    1.37708881e-01 -5.55826702e-02  6.07011008e-02 -1.97159620e-02
    3.01499839e-03]
  [ 4.60303063e-03  1.53487936e-01  3.20414055e-02 -3.53068841e-02
    1.59386726e-01 -4.41607152e-02  5.68239083e-02  9.55474030e-03
   -4.01769553e-02  4.93966216e-02 -3.12995536e-02  3.27450313e-02
   -1.26342378e-02]
  [-4.92471864e-01 -3.68793999e-01 -2.64439678e-01  9.02661357e-02
   -4.41607152e-02  3.91469963e-01  1.57751058e-01  1.03540594e-01
    1.39773446e-01 -5.83897202e-02  1.26771627e-01 -5.31016649e-02
    4.09334930e-02]
  [-1.38575093e+00  2.07858440e-01 -7.34494778e-01  1.22198484e-01
    5.68239083e-02  1.57751058e-01  6.10885697e-01  1.15534589e-01
    2.72638143e-01  3.51402560e-02  8.22091253e-02  5.42108783e-02
   -8.09773886e-02]
  [-4.41918570e-01 -3.33935403e-02 -1.51243661e-01 -4.81060740e-03
    9.55474030e-03  1.03540594e-01  1.15534589e-01  2.74609666e-01
    1.12285071e-01  4.71145841e-02  8.24804666e-02 -8.14983008e-03
    2.92185972e-02]
  [-8.78499932e-01 -9.71560465e-02 -3.92077308e-01  1.37708881e-01
   -4.01769553e-02  1.39773446e-01  2.72638143e-01  1.12285071e-01
    3.48849666e-01 -1.03293174e-02  1.15067285e-01  4.91420261e-03
   -2.36208176e-02]
  [-6.46199207e-02  1.16661690e-01 -1.73137134e-02 -5.55826702e-02
    4.93966216e-02 -5.83897202e-02  3.51402560e-02  4.71145841e-02
   -1.03293174e-02  1.79641470e-01 -1.07911711e-02  5.15647074e-02
   -1.08711552e-02]
  [-3.43691016e-01 -1.82897029e-01 -1.72444852e-01  6.07011008e-02
   -3.12995536e-02  1.26771627e-01  8.22091253e-02  8.24804666e-02
    1.15067285e-01 -1.07911711e-02  1.96200126e-01  1.01844841e-03
    4.80681962e-02]
  [-6.40912188e-02  9.76877917e-02 -2.48117096e-02 -1.97159620e-02
    3.27450313e-02 -5.31016649e-02  5.42108783e-02 -8.14983008e-03
    4.91420261e-03  5.15647074e-02  1.01844841e-03  1.41410098e-01
   -1.24945110e-02]
  [ 1.35176377e-01 -1.57760534e-01  1.11051848e-01  3.01499839e-03
   -1.26342378e-02  4.09334930e-02 -8.09773886e-02  2.92185972e-02
   -2.36208176e-02 -1.08711552e-02  4.80681962e-02 -1.24945110e-02
    1.37792180e-01]]

 [[ 5.29806478e+00 -1.41374249e-01 -5.59487594e-01 -1.07298857e-01
   -3.73269909e-01 -5.34067435e-01 -4.18247108e-01 -3.74589165e-02
   -2.68568878e-01  7.43758470e-02 -5.29730821e-02  7.49845070e-02
   -1.47585940e-01]
  [-1.41374249e-01  3.94573539e+00  6.06693633e-02 -1.36983519e+00
   -2.06232553e-01  2.69721214e-01 -1.02110558e-01 -3.06591544e-01
   -2.88813248e-02 -2.66587517e-01  1.28506278e-01 -9.58035007e-02
    1.13880199e-02]
  [-5.59487594e-01  6.06693633e-02  1.49391970e+00  5.30456927e-01
   -3.80018642e-01  3.76617530e-01  8.08469264e-02 -1.72463688e-01
   -1.64090020e-03  3.80222718e-02 -1.24781633e-01 -8.62157279e-02
    8.79983700e-02]
  [-1.07298857e-01 -1.36983519e+00  5.30456927e-01  1.48132544e+00
    5.61225730e-02 -2.73220268e-01  1.29973594e-01  9.37913546e-02
    9.47642160e-02  8.71816822e-02 -1.09849962e-01 -2.30922289e-02
   -1.27019442e-02]
  [-3.73269909e-01 -2.06232553e-01 -3.80018642e-01  5.61225730e-02
    6.83144349e-01 -7.04409587e-02 -6.51197159e-02  9.33509721e-02
    8.15846019e-03 -4.81089673e-02  2.19070215e-02  1.92695981e-02
   -8.10437487e-02]
  [-5.34067435e-01  2.69721214e-01  3.76617530e-01 -2.73220268e-01
   -7.04409587e-02  6.13715808e-01  1.08550652e-01 -1.47602518e-01
   -1.42694587e-02 -2.76840208e-02 -5.05397925e-02 -6.15215135e-02
    9.20091832e-02]
  [-4.18247108e-01 -1.02110558e-01  8.08469264e-02  1.29973594e-01
   -6.51197159e-02  1.08550652e-01  3.20559345e-01  4.08854202e-02
    2.63898302e-02  3.89455716e-02  1.62172493e-02 -1.91538828e-03
    4.35380687e-02]
  [-3.74589165e-02 -3.06591544e-01 -1.72463688e-01  9.37913546e-02
    9.33509721e-02 -1.47602518e-01  4.08854202e-02  3.06943348e-01
    8.90378300e-02  2.59320109e-02  4.53183407e-03  6.37653235e-02
    6.47126151e-05]
  [-2.68568878e-01 -2.88813248e-02 -1.64090020e-03  9.47642160e-02
    8.15846019e-03 -1.42694587e-02  2.63898302e-02  8.90378300e-02
    2.12387281e-01  5.46083973e-02  2.61710420e-03  1.64984823e-02
    1.27803460e-02]
  [ 7.43758470e-02 -2.66587517e-01  3.80222718e-02  8.71816822e-02
   -4.81089673e-02 -2.76840208e-02  3.89455716e-02  2.59320109e-02
    5.46083973e-02  1.73612195e-01  5.26225002e-02  2.15764935e-02
   -4.79725831e-03]
  [-5.29730821e-02  1.28506278e-01 -1.24781633e-01 -1.09849962e-01
    2.19070215e-02 -5.05397925e-02  1.62172493e-02  4.53183407e-03
    2.61710420e-03  5.26225002e-02  1.72043600e-01  5.92869708e-02
   -9.04536175e-03]
  [ 7.49845070e-02 -9.58035007e-02 -8.62157279e-02 -2.30922289e-02
    1.92695981e-02 -6.15215135e-02 -1.91538828e-03  6.37653235e-02
    1.64984823e-02  2.15764935e-02  5.92869708e-02  1.60904007e-01
    1.33264785e-02]
  [-1.47585940e-01  1.13880199e-02  8.79983700e-02 -1.27019442e-02
   -8.10437487e-02  9.20091832e-02  4.35380687e-02  6.47126151e-05
    1.27803460e-02 -4.79725831e-03 -9.04536175e-03  1.33264785e-02
    1.29672713e-01]]

 [[ 5.44909028e+00  9.31714496e-01 -2.20708157e+00  1.10264671e-01
   -2.21805230e-01 -6.98727305e-01  6.67261680e-02  2.86647774e-02
   -9.53659236e-02  2.89794070e-02 -1.22411909e-01  1.23234462e-01
   -3.16547007e-02]
  [ 9.31714496e-01  6.55622819e-01 -2.80644761e-01 -3.84371390e-01
   -1.29588333e-01 -6.17952326e-02 -1.41926583e-02  9.39898365e-03
    1.00059809e-01  9.71663594e-02  1.28711187e-02 -1.07758732e-02
   -6.05786498e-04]
  [-2.20708157e+00 -2.80644761e-01  1.38437874e+00  2.18126954e-01
    9.55787435e-02  2.80438096e-01  1.66242830e-02  2.38192690e-02
   -4.47342738e-02 -1.02191255e-01 -2.72612657e-02 -1.34502503e-01
   -1.11923324e-02]
  [ 1.10264671e-01 -3.84371390e-01  2.18126954e-01  9.08965079e-01
    2.19153972e-01 -1.46861798e-01  8.98964781e-02  1.54368292e-02
   -2.26209040e-01 -2.25548881e-01 -1.39836450e-01 -8.00675592e-03
   -1.16812278e-02]
